NOAA 1                  
1 04793U 70106A   26067.04230854 -.00000044  00000+0 -69672-5 0  9998
2 04793 101.3517 106.1420 0031745 184.0750 190.6950 12.54049263528014
NOAA 2 (ITOS-D)         
1 06235U 72082A   26066.84521826 -.00000044  00000+0  18128-4 0  9993
2 06235 102.0166  84.2781 0003981   8.6273 164.4572 12.53211750442254
NOAA 3                  
1 06920U 73086A   26067.04849504 -.00000044  00000+0  20879-4 0  9994
2 06920 102.2909  80.0110 0006192 311.9606  64.8564 12.40391683369363
NOAA 4                  
1 07529U 74089A   26067.02894289 -.00000044  00000+0  17697-4 0  9996
2 07529 102.0074  78.7423 0009133  31.8961 341.5922 12.53201633346852
NOAA 5                  
1 09057U 76077A   26066.88985221 -.00000033  00000+0  97430-4 0  9994
2 09057 102.2958  52.3871 0009794 163.9420 209.3255 12.37828274241940
TIROS N                 
1 11060U 78096A   26067.04921056  .00000233  00000+0  13056-3 0  9991
2 11060  98.4636  92.6420 0010658 169.6702 190.4695 14.19337737664409
NOAA 6                  
1 11416U 79057A   26067.01804954  .00000432  00000+0  16576-3 0  9999
2 11416  98.5753  97.1816 0009626 191.9673 168.1285 14.35432388436446
NOAA 7                  
1 12553U 81059A   26066.75570468  .00000072  00000+0  57098-4 0  9992
2 12553  98.8063 134.8231 0011278 193.3109 166.7770 14.17772913310379
NOAA 8                  
1 13923U 83022A   26067.01476139  .00000214  00000+0  10076-3 0  9998
2 13923  98.7374  79.8066 0014570 190.5132 169.5748 14.29766231236611
NOAA 9                  
1 15427U 84123A   26067.01571155  .00000164  00000+0  10495-3 0  9995
2 15427  99.1097  91.2617 0013686 276.7903 112.8682 14.17038436129096
NOAA 10                 
1 16969U 86073A   26066.59330256  .00000234  00000+0  10988-3 0  9995
2 16969  98.6999  59.9902 0011097 295.9295 176.2498 14.29143396 54903
NOAA 11                 
1 19531U 88089A   26066.80776490  .00000121  00000+0  83188-4 0  9998
2 19531  98.6092  15.9116 0010180 225.3863 134.6482 14.15820368933132
NOAA 12                 
1 21263U 91032A   26067.00018179  .00000186  00000+0  94955-4 0  9996
2 21263  98.6153  57.0277 0013028 328.3884  31.6513 14.26717091810530
NOAA 13                 
1 22739U 93050A   26066.80946256  .00000186  00000+0  12133-3 0  9997
2 22739  98.6931  14.6091 0010458  61.8881 298.3348 14.13635789679053
NOAA 14                 
1 23455U 94089A   26066.98456617  .00000093  00000+0  69570-4 0  9997
2 23455  98.5021  41.2805 0009895  21.1152 339.0428 14.14654722608895
NOAA 15                 
1 25338U 98030A   26067.01601557  .00000199  00000+0  99321-4 0  9993
2 25338  98.5165  90.3410 0009091 285.6755  74.3423 14.27111839446869
NOAA 16                 
1 26536U 00055A   26067.04121282  .00000144  00000+0  97574-4 0  9997
2 26536  98.4705  86.6299 0009524 227.4558 132.5813 14.13897607609431
NOAA 17                 
1 27453U 02032A   26066.99203154  .00000367  00000+0  17243-3 0  9996
2 27453  98.8539  31.6037 0010616 287.2000  72.8017 14.26188401232566
NOAA 18                 
1 28654U 05018A   26066.98475100  .00000089  00000+0  70073-4 0  9990
2 28654  98.8158 148.1159 0015306  79.9806 280.3093 14.13710451 72011
NOAA 19                 
1 33591U 09005A   26066.96563673  .00000073  00000+0  62868-4 0  9993
2 33591  98.9609 137.7338 0012956 319.9064  40.1151 14.13456368880189
SUOMI NPP               
1 37849U 11061A   26066.98111623  .00000126  00000+0  80912-4 0  9993
2 37849  98.7868   8.5974 0000422 244.7187 115.3945 14.19542994744082
NOAA 20 (JPSS-1)        
1 43013U 17073A   26066.99578004  .00000155  00000+0  94246-4 0  9990
2 43013  98.7690   7.3998 0001146 140.4898 219.6361 14.19535729430117
NOAA 21 (JPSS-2)        
1 54234U 22150A   26066.96002203  .00000133  00000+0  84071-4 0  9990
2 54234  98.7553   7.2457 0002618 109.3941 250.7519 14.19551726172185
